@subtask samples
manual 1.in
manual 2.in
manual 3.in
manual 4.in

@subtask s1
manual a.in
manual b.in
gen_rand 2000 0 2000 0 1 1 0 0 0 0 1 0 aaaaa
gen_rand 1000 0 1000000 1 1 1 0 0 0 0 0 0 bbbbb
gen_rand 1000000 0 1000000 1 1 1 0 0 0 0 1 0 ccccc
gen_rand 1000000 0 1000000 1 1 1 0 0 0 0 1 10000000 thisisachain
gen_rand 1000000 0 1000000 1 3 1 0 0 0 0 0 -100 stary
gen_rand 10000 0 1000000 1 1 1 0 0 0 0 0 0 smalltree

@subtask s2
@include s1
manual 1.in
gen_rand 10 0 40 1 1 1 5 0 0 0 1 0 small
gen_maxl 1000000 0 1000000 1 1 1 30 0 0 0 1 50 chainlikemaxl
gen_maxl 1000000 0 1000000 1 1 1 30 0 0 0 1 1000000 chainmaxl
gen_exact 1000000 0 1000000 1 5 1 30 0 0 0 0 30 exact1
gen_exact 1000000 0 1000000 1 1 1 30 0 0 0 1 30 exact2
gen_smalll 1000000 0 1000000 1 1 1 30 0 0 0 0 5 small
gen_rand 1000000 0 1000000 1 1 1 40 0 0 0 1 10000000 chain_bs
gen_rand 2000 0 2000 0 1 1 10 0 0 0 0 0 aaa
gen_rand 2000 0 2000 0 1 1 10 0 0 0 1 0 bbb
gen_rand 1000000 0 1000000 1 1 1 10 0 0 0 1 0 ccc
gen_rand 1000000 0 1000000 1 1 1 20 0 0 0 1 0 ddd
gen_rand 1000000 0 1000000 1 1 1 20 0 0 0 1 10 eee
gen_depth_dep 300000 0 1000000 1 10 1 1 0 0 0 1 100000 40 bly

@subtask s3
@include s1
manual 2.in
gen_rand 15 0 60 1 1 1 0 5 0 0 0 -2 small
gen_desc 500000 0 1000000 1 1 1 0 4 0 0 0 -10000 mono1
gen_desc 500000 0 1000000 1 1 1 0 4 0 0 0 -1000000 mono2
gen_rand 100000 0 1000000 1 1 1 0 8 0 0 0 -1000 starlike
gen_rand 80000 0 1000000 1 1 1 0 8 0 0 0 -1000000 star
gen_maxl 1000000 0 1000000 1 15 1 0 30 0 0 0 -5 maxl
gen_maxl 1000000 0 1000000 1 3 1 0 8 0 0 0 -5 maxl2
gen_rand 1000 0 1000000 0 1 1 0 10 0 0 0 0 aaa
gen_rand 1000 0 1000000 0 1 1 0 10 0 0 1 -5 bbb
gen_rand 1000000 0 1000000 1 1 1 0 10 0 0 0 -5 ccc
gen_rand 1000000 0 1000000 1 1 1 0 10 0 0 1 0 ddd

@subtask s4
@include s1
manual 3.in
gen_rand 10 0 100 1 1 1 0 0 10 0 0 5 small
gen_rand 1000 0 1000000 0 1 1 0 0 10 0 1 0 aaa
gen_rand 1000 0 1000000 1 30 1 0 0 30 0 1 10000000 chain
gen_rand 1000000 0 1000000 1 30 1 0 0 30 0 1 10000000 chain2
gen_exact 500000 0 1000000 1 6 1 0 0 8 0 0 100 ex
gen_exact 500000 0 1000000 1 4 1 0 0 8 0 1 50 ex2
gen_exact 500000 0 1000000 1 5 1 0 0 10 0 1 75 ex3
gen_rand 1000000 0 1000000 0 3 1 0 0 5 0 0 0 mingswb
gen_rand 1000000 0 1000000 0 3 1 0 0 5 0 0 0 mingswd
gen_rand 1000000 0 1000000 0 1 1 0 0 10 0 0 100 bbb
gen_rand 1000000 0 1000000 1 1 1 0 0 10 0 0 100 ccc
gen_rand 1000000 0 1000000 1 1 1 0 0 20 0 0 50 ddd
gen_rand 1000000 0 1000000 1 1 1 0 0 20 0 0 -1000 stary

@subtask s5
@include s2
@include s3
@include s4
gen_rand 10 0 100 1 3 1 5 5 5 0 0 0 small
gen_depth_dep 300000 0 1000000 1 8 1 1 0 1 0 1 1000000 20 bly1
gen_depth_dep 300000 0 1000000 1 8 1 1 0 1 0 1 1000000 15 bly2
gen_depth_dep 300000 0 1000000 1 8 1 1 1 1 0 1 1000000 20 bly3
gen_depth_dep 300000 0 1000000 1 8 1 1 1 1 0 1 1000000 15 bly4
gen_rand 1000000 0 1000000 0 3 1 5 5 5 0 0 0 aa
gen_rand 1000000 0 1000000 0 1 1 5 5 5 0 1 0 bb
gen_rand 1000000 0 1000000 1 1 1 5 5 5 0 1 0 cc
gen_rand 1000000 0 1000000 1 3 1 5 5 5 0 0 10 long
gen_rand 1000000 0 1000000 1 1 1 5 5 5 0 1 100 verylong
gen_rand 500000 0 1000000 1 3 1 5 5 5 0 1 100 verylong
gen_rand 1000000 0 1000000 1 1 1 5 5 5 0 1 -10 flat
gen_rand 1000000 0 1000000 1 1 1 5 5 5 0 1 -100 veryflat
gen_rand 500000 0 1000000 1 3 1 5 5 5 0 1 -100 veryflat
gen_maxl 1000000 0 1000000 1 3 1 10 1 10 0 0 500 chainymaxl
gen_maxl 500000 0 1000000 1 3 1 10 1 10 0 0 500 chainymaxl2


@subtask s6
@include s5
manual 4.in
gen_rand 10 9 50 0 5 1 3 3 3 10 0 0 verysmall
gen_rand 100 99 300 0 5 1 3 3 3 10 0 0 small
gen_desc 500000 250000 1000000 1 2 1 0 5 0 5 0 -1000 mono
gen_desc 400000 250000 1000000 1 2 1 0 3 0 5 0 -100000 monostar
gen_maxl 1000000 999999 1000000 0 3 1 15 3 5 15 0 150 chainymaxl
gen_maxl 1000000 999999 1000000 0 3 1 15 3 5 15 0 100 chainymaxl2
gen_depth_dep 300000 100000 1000000 1 8 1 1 1 1 4 1 10000 25 bly
gen_rand 1000000 999999 1000000 0 5 1 3 3 3 15 0 0 a
gen_rand 1000000 999999 1000000 0 5 1 3 3 3 15 1 0 b
gen_rand 1000000 999999 1000000 1 5 1 3 3 3 15 1 0 c
gen_rand 1000000 999999 1000000 1 5 1 3 3 3 15 0 100 chainy
gen_rand 1000000 999999 1000000 1 5 1 3 3 3 15 1 100 chainy2
gen_rand 500000 400000 1000000 1 5 1 3 3 3 15 1 100 chainy3
gen_rand 1000000 999999 1000000 1 5 1 3 3 3 15 0 -100 stary
gen_rand 1000000 999999 1000000 1 5 1 3 3 3 15 1 -100 stary2
gen_rand 500000 400000 1000000 1 5 1 3 3 3 15 1 -100 stary3
gen_rand 500000 400000 1000000 1 1 1 0 2 0 2 0 -1000 star
